[gd_scene load_steps=2 format=2]

[ext_resource path="res://Man.glb" type="PackedScene" id=1]

[node name="Man" instance=ExtResource( 1 )]

[node name="Skeleton" parent="RootNode/HumanArmature" index="0"]
bones/1/bound_children = [ NodePath("BoneAttachment") ]
bones/7/bound_children = [ NodePath("BoneAttachment2") ]
bones/13/bound_children = [ NodePath("BoneAttachment3") ]
bones/15/bound_children = [ NodePath("BoneAttachment4") ]
bones/22/bound_children = [ NodePath("BoneAttachment5") ]
bones/23/bound_children = [ NodePath("BoneAttachment6") ]
bones/25/bound_children = [ NodePath("BoneAttachment7") ]
bones/27/bound_children = [ NodePath("BoneAttachment8") ]
bones/28/bound_children = [ NodePath("BoneAttachment9") ]
bones/29/bound_children = [ NodePath("BoneAttachment10") ]
bones/30/bound_children = [ NodePath("BoneAttachment11") ]

[node name="BoneAttachment" parent="RootNode/HumanArmature/Skeleton" index="0"]
transform = Transform( -0.987034, 0.146665, -0.0652074, -0.0317152, -0.576458, -0.816511, -0.157343, -0.803856, 0.573636, 0.00179296, 0.00650764, 0.00482592 )

[node name="BoneAttachment2" parent="RootNode/HumanArmature/Skeleton" index="1"]
transform = Transform( 0.999861, -0.0142203, -0.00871278, -0.00745664, 0.0861145, -0.996257, 0.0149174, 0.996184, 0.0859966, -7.65757e-05, 8.20516e-06, 0.040999 )

[node name="BoneAttachment3" parent="RootNode/HumanArmature/Skeleton" index="2"]
transform = Transform( -0.059442, -0.992465, 0.107147, -0.640224, -0.04445, -0.766902, 0.765886, -0.114184, -0.632758, 0.0074503, -0.0087903, 0.0204938 )

[node name="BoneAttachment4" parent="RootNode/HumanArmature/Skeleton" index="3"]
transform = Transform( -0.209141, -0.183998, 0.960419, -0.974381, -0.0438656, -0.220586, 0.082717, -0.981948, -0.170111, 0.00690685, -0.00859409, 0.0228666 )

[node name="BoneAttachment5" parent="RootNode/HumanArmature/Skeleton" index="4"]
transform = Transform( -0.962023, 0.272729, -0.0114982, 0.205237, 0.694896, -0.6892, -0.179975, -0.665387, -0.72448, -0.00663053, -3.19049e-05, 0.0190706 )

[node name="BoneAttachment6" parent="RootNode/HumanArmature/Skeleton" index="5"]
transform = Transform( -0.0393872, 0.945162, -0.324218, 0.999176, 0.0341052, -0.02196, -0.00969865, -0.324816, -0.945728, -0.00720943, 0.00185992, 0.0176254 )

[node name="BoneAttachment7" parent="RootNode/HumanArmature/Skeleton" index="6"]
transform = Transform( 0.997176, -0.065365, 0.0369665, 0.0305332, 0.802661, 0.595665, -0.068607, -0.592853, 0.802383, 0.00264018, -0.00389591, 0.01251 )

[node name="BoneAttachment8" parent="RootNode/HumanArmature/Skeleton" index="7"]
transform = Transform( 0.995036, 0.0970853, 0.0218526, -0.0451922, 0.245197, 0.968428, 0.0886615, -0.964601, 0.24836, -0.00274042, -0.00477341, 0.0130101 )

[node name="BoneAttachment9" parent="RootNode/HumanArmature/Skeleton" index="8"]
transform = Transform( 1, 9.9476e-14, 7.15256e-07, 7.15256e-07, -1.19209e-07, -1, 2.84217e-14, 1, -1.19209e-07, 0.00296567, -0.0180352, 0.0109483 )

[node name="BoneAttachment10" parent="RootNode/HumanArmature/Skeleton" index="9"]
transform = Transform( -1, 6.39845e-07, 7.29747e-06, -7.68706e-07, -0.999474, -0.0324214, 7.2578e-06, -0.0324216, 0.999474, -0.00153347, -0.0012916, 0.000521359 )

[node name="BoneAttachment11" parent="RootNode/HumanArmature/Skeleton" index="10"]
transform = Transform( 1, 9.9476e-14, 7.15256e-07, 7.15256e-07, -1.19209e-07, -1, 2.84217e-14, 1, -1.19209e-07, -0.00322814, -0.0180352, 0.0109061 )
