[gd_scene load_steps=2 format=2]

[ext_resource path="res://Man.glb" type="PackedScene" id=1]

[node name="Man" instance=ExtResource( 1 )]

[node name="Skeleton" parent="RootNode/HumanArmature" index="0"]
bones/1/bound_children = [ NodePath("BoneAttachment") ]
bones/7/bound_children = [ NodePath("BoneAttachment2") ]
bones/13/bound_children = [ NodePath("BoneAttachment3") ]
bones/15/bound_children = [ NodePath("BoneAttachment4") ]
bones/22/bound_children = [ NodePath("BoneAttachment5") ]
bones/23/bound_children = [ NodePath("BoneAttachment6") ]
bones/25/bound_children = [ NodePath("BoneAttachment7") ]
bones/27/bound_children = [ NodePath("BoneAttachment8") ]
bones/28/bound_children = [ NodePath("BoneAttachment9") ]
bones/29/bound_children = [ NodePath("BoneAttachment10") ]
bones/30/bound_children = [ NodePath("BoneAttachment11") ]

[node name="BoneAttachment" parent="RootNode/HumanArmature/Skeleton" index="0"]
transform = Transform( -0.938984, 0.343779, 0.0111554, -0.34396, -0.938491, -0.0304425, 3.72899e-06, -0.0324222, 0.999474, 0.00422688, 0.00130739, 0.000542072 )

[node name="BoneAttachment2" parent="RootNode/HumanArmature/Skeleton" index="1"]
transform = Transform( 0.999968, -0.00669153, 0.00426323, 0.0048751, 0.0942627, -0.995535, 0.00625979, 0.995525, 0.0942924, 3.41353e-07, -0.000829012, 0.0422311 )

[node name="BoneAttachment3" parent="RootNode/HumanArmature/Skeleton" index="2"]
transform = Transform( -0.118856, -0.211237, 0.970182, -0.991397, -0.0287116, -0.127706, 0.0548319, -0.977014, -0.206007, 0.00581259, -0.00093228, 0.0183095 )

[node name="BoneAttachment4" parent="RootNode/HumanArmature/Skeleton" index="3"]
transform = Transform( -0.180501, -0.175406, 0.967808, -0.938311, -0.264355, -0.222912, 0.294945, -0.948341, -0.116869, 0.00553128, -0.00285975, 0.0207497 )

[node name="BoneAttachment5" parent="RootNode/HumanArmature/Skeleton" index="4"]
transform = Transform( -0.993707, 0.0964442, -0.0569755, 0.0792787, 0.246181, -0.965976, -0.0791365, -0.964414, -0.252278, -0.00564391, -0.00275285, 0.0200203 )

[node name="BoneAttachment6" parent="RootNode/HumanArmature/Skeleton" index="5"]
transform = Transform( -0.0817429, 0.147807, -0.985633, 0.996652, 0.0103666, -0.0811021, -0.00177004, -0.988962, -0.148159, -0.00623404, -0.000975281, 0.0184408 )

[node name="BoneAttachment7" parent="RootNode/HumanArmature/Skeleton" index="6"]
transform = Transform( 0.997884, 0.0619466, 0.0197327, -0.0359074, 0.272123, 0.961599, 0.0541977, -0.960268, 0.273768, 0.00342394, -0.00221979, 0.0129889 )

[node name="BoneAttachment8" parent="RootNode/HumanArmature/Skeleton" index="7"]
transform = Transform( 0.997546, -0.0679704, -0.0167983, 0.033963, 0.259959, 0.965031, -0.0612261, -0.963226, 0.261625, -0.00362938, -0.00249877, 0.012987 )

[node name="BoneAttachment9" parent="RootNode/HumanArmature/Skeleton" index="8"]
transform = Transform( 1, 9.9476e-14, 7.15256e-07, 7.15256e-07, -1.19209e-07, -1, 2.84217e-14, 1, -1.19209e-07, 0.00296567, -0.0180352, 0.0109483 )

[node name="BoneAttachment10" parent="RootNode/HumanArmature/Skeleton" index="9"]
transform = Transform( -0.987632, -0.156706, -0.0050759, 0.156788, -0.987113, -0.0320221, 7.56613e-06, -0.0324221, 0.999474, -0.00450756, 0.000859855, 0.000542072 )

[node name="BoneAttachment11" parent="RootNode/HumanArmature/Skeleton" index="10"]
transform = Transform( 1, 9.9476e-14, 7.15256e-07, 7.15256e-07, -1.19209e-07, -1, 2.84217e-14, 1, -1.19209e-07, -0.00322814, -0.0180352, 0.0109061 )
